508
519
521
525
542
548
556
562
563
566
572
602
611
612
614
619
622
624
625
627
640
644
663
664
670
671
676
685
694
697
704
708
716
719
727
748
753
758
761
765
770
772
773
777
783
786
800
802
806
810
814
824
830
831
840
845
847
850
857
858
866
867
873
876
879
887
894
898
908
910
912
930
945
941
947
952
963
965
970
972
974
992
995
1002
1003
1006
1021
1040
1048
1053
1062
1074
1075
1077
1079
1081
1091
1095
1096
1113
1115
1125
1126
1129
1131
1133
1138
1142
1144
1151
1155
1157
1158
1168
1170
1176
1178
1181
1182
1187
1191
1200
1201
1205
1208
1210
1211
1212
1220
1232
1233
1234
1238
1239
1244
1249
1251
1252
1257
1263
1264
1265
1267
1272
1274
1283
1284
1288
1289
1290
1295
1312
1322
1320
1340
1341
1344
1345
1354
1360
1364
1365
1370
1374
1375
1380
1391
1398
1407
1408
1409
1412
1413
1433
1434
1435
1437
1439
1440
1441
1442
1445
1453
1463
1465
1471
1475
1476
1477
1481
1485
